1000 5
274.53652630530405 266.6164204713247
339.9651175325039 320.12320913699614
700.0522216620977 709.6615854889626
764.2312156013517 707.705029706158
128.85327092596805 203.2115617139838
744.5217115389 777.3914792965296
497.9228326144328 469.76609999167795
664.3342802134138 623.3142992958421
517.3910539179349 601.8316664697074
717.388853629321 756.9801577208701
620.3957884115605 537.6206636523546
71.65313344687402 7.969959500776824
573.1832588884213 608.6481601453729
30.738789617169857 1.2044176391030845
384.23896603691236 385.00546691057286
845.3666867407338 892.4442378858333
468.0419364533767 423.08054565955405
387.42060674944196 396.62599787032474
427.37626709943333 461.038601796941
725.6773215268083 733.9950558260947
666.8896635868826 654.1205584858305
247.68056908680998 235.34104020149175
187.47584543411432 215.11351868265004
107.94136925048163 106.20774763096534
207.3580650787349 233.20647953547126
959.686444746761 903.9924378220488
547.2965341494745 578.7414868473963
184.85911548065116 216.71401964244228
481.7596790807986 471.3600636225615
330.418535430372 313.42415314344566
618.7494762531562 546.3401370399056
945.2698756201569 903.3594533289041
703.1366839294121 703.1062135558875
355.12854223490666 307.2729144796997
371.61281119376196 314.0436661268335
468.81416154578443 397.86730103492715
214.17091312340068 195.42464914793786
364.7607836333333 307.84836095799704
926.2766922625557 929.053273726297
582.0004128415883 558.2798918588079
38.240203857356626 13.126666888811016
653.245822640313 681.6438947710195
365.0607047071179 334.996458918328
569.2979213911269 535.4313631385602
337.0844277440377 378.42531002223734
287.7479883330139 268.74684606200094
859.1484582987163 885.4830885357225
950.3454131543093 935.0118066595343
617.5346230543615 523.7488935871897
143.5109113821901 182.75209928031208
293.55103425874086 297.467542992433
418.67004638194055 432.4920879982526
956.5321739220467 919.7814578746485
881.1566043150799 853.1914034891673
931.4137523327906 939.9189643273154
71.28177101544577 88.38178637163843
338.3354242266345 361.0226050196579
629.5908941545097 645.6537459921722
315.00547077481735 354.423430496861
572.8236650465228 535.6009231728278
421.92270401852136 427.1331608753277
954.1385744742308 956.5587188819331
325.5589928911542 346.45736325573716
359.95625380890925 376.00563625404754
226.5085266321148 225.9647188751375
263.99947492827664 271.02206127289725
891.1419851589862 895.3651186482788
246.51456034127773 270.96639820621044
876.9251220310533 870.1731882567786
149.43229514632134 161.991124358618
468.5614037121454 380.65968479922486
242.55047202747454 244.32122503432
690.1344753357467 665.6082625892171
340.29266741314785 328.92940120384316
590.0696951081717 599.2790872202536
465.27355499215633 449.3277763926885
746.7684721674947 773.3881820844133
872.6585476529538 849.5378663955223
610.6683415343036 566.6416939505601
353.67235796825787 362.8461576382479
941.8553488651397 934.1091991688336
868.5924563126741 860.6326810505402
965.2075168879702 911.0220171655105
558.2447189443285 550.160560437298
273.40919179995586 298.2615441050014
216.7526839832741 100.56702699182088
247.6380293043434 218.01275087834492
383.63635290277773 315.15937234345165
661.6721603980094 688.2741948033615
173.6506417372853 179.30610688948735
192.3901899818695 105.02744160163057
336.9128095807304 376.18225428819545
377.3358968890654 329.64092820804757
433.0354588712933 404.5993679925558
288.4568147519978 294.38513054324204
755.2158019964138 716.0992157783239
366.5459323876805 367.09465495281194
364.3750172445598 317.6373588714223
502.35567494244935 576.8052003969809
333.33466926779033 317.5914489578442
642.1680244655756 674.1036638651046
389.5992669629328 495.34188965114623
235.5842248143319 210.05723636355498
424.9406566213021 478.243683872373
551.289231357073 570.1221201913796
381.120916589443 448.5799593558025
291.2547819648072 252.23444692247622
15.319750365196825 87.93412430343943
575.0218997657557 522.2723968707654
358.71620702090854 350.7408275573995
934.7916984633531 960.389293091642
352.77663056476445 309.5169462455514
968.3004703128494 947.9502609023377
399.3587755814528 479.1826658885721
967.5443408842798 916.2327837483347
710.0744605898838 711.7375985857184
968.9527572513819 933.5609237939153
680.4885002817564 653.571285700655
315.4654164876861 381.4848363657271
325.6180946147715 347.5660073483589
759.7145442376835 700.7398353051585
248.14801105782686 242.5125836816989
634.6672903632676 680.7745164709484
84.01080088764989 58.61777956718237
521.9445467021303 594.4460394039565
134.6482768686351 166.2540364772188
253.3279457413162 270.32193254980933
738.2845965256877 711.071717610327
403.29224003766325 396.90393872346965
423.50228684085255 467.07656879183975
487.60752509646034 386.20300083810207
364.59944926545944 384.26025171722114
357.6785551918635 367.92400715541874
654.2770903879317 670.6461096154302
301.2168603362333 306.4105682608723
341.5694114504598 333.47334236243034
603.5784218249422 504.7826592721863
741.3178475184941 709.2125264324818
640.7277266304699 648.3581250344768
967.5712118277522 910.900613773288
516.023441970732 523.7150826459753
172.96698795742213 105.39116525189154
493.859462106611 424.3897282602666
751.9820167276695 762.056177148057
346.8121337476694 303.94764116107854
626.1018823382727 645.5917011740185
584.3457120231047 604.6759928071255
953.2125401006795 936.7469436907691
230.7021413287505 281.9504425657744
898.7275197214963 847.5188940547097
233.14105207288148 295.44837355867554
266.48678700007474 297.82801192018974
610.0451813909618 592.1683489032564
829.5283757979353 871.1162156238216
773.778111155089 773.2019284865274
884.471627773734 867.4564205819545
87.41683630109488 8.280949881746167
506.280632835568 618.9809324644589
9.228720659279048 86.6097341614811
709.9641057768049 729.008176517905
720.6333894623936 776.597480757233
245.9875440299649 237.35162148859996
500.35641020023013 568.0720602980946
765.2442096495214 744.2234861411022
871.4464749229076 839.8009897318532
187.1014683268708 157.02948566252792
224.77495426254637 152.93159461646633
121.45694213603123 219.91040452701975
701.6491711851814 762.3320728791073
329.83229827378204 344.5885196804752
360.59783628619556 356.83951478080263
88.71514917668914 73.54156800474371
349.2850523308171 383.2435863779595
526.2794055184596 507.94426152437086
217.4749888277815 220.69975171659743
402.9983398999117 472.90721403667845
242.81947761228147 220.0071775499058
331.05964868417533 332.1829774896922
363.39187146899945 354.7418781013307
213.67229625460658 127.28034045157946
223.6397784046649 286.4385029124831
479.39808479254884 402.16727682817975
877.0305023090649 836.1090659517661
240.3720485587054 238.09186985673978
881.433447876993 848.9722179815469
884.183899875666 855.0103049541588
236.56950189287127 273.8199499865679
569.8456885829355 539.0093849255893
256.0775514711669 233.0206922452642
220.0486189635622 275.65103346850634
593.4462013161401 512.7712058140356
841.9171939006367 868.9661728145676
716.3356714381778 742.9548834498553
353.27386695082964 355.3439759490222
174.04130454029965 108.03502487533164
320.49355653331094 380.0748492425334
897.8568497742748 841.3777310637969
245.5149557556055 250.90715065769552
155.44742378886409 222.3743049303945
889.0300801488285 830.1299913203791
566.3804965153893 540.6468231355607
259.24903107479935 233.03118678362276
109.56910160436513 218.6716106830752
426.9208358702084 396.15441431005144
720.630940015569 706.0932512723017
232.7106690041839 296.20603174413833
83.9506814210482 47.554400022325936
592.4886794965744 560.7040916210258
698.450124652333 667.0271762504576
264.4964477433411 277.53097003538153
322.85068236223555 312.0978014344383
645.2827181453378 691.8119643776506
119.26502255194839 195.9140111727554
327.1907736562183 366.0040748704977
286.9365588914206 277.3198943402165
928.2305851578169 927.3072208100864
582.9917202758669 607.2435243661039
308.5883410742568 357.66190691415505
307.85728341557706 372.67459910534444
559.0117610503188 515.5343019045317
355.93818565740366 320.80237987999953
263.3041577438645 219.6000646239991
230.15564575699864 216.8851011751811
437.8695292097384 457.78026994933856
960.4221001644414 944.318164964825
225.15053817919994 236.205161089871
391.9989067165084 467.6022809423999
153.60067233824773 158.73661868757165
842.874241852302 889.948353269671
927.1804141786803 903.7481470769485
166.68285755883355 143.12023037175246
947.1729834815105 915.7844963571777
330.8342257688458 361.7697842037526
877.5809695856415 844.5856360605401
376.4266247258277 341.2970057978623
260.55183755896303 248.0165673590555
371.41591642614674 308.1705297965365
297.00848702932444 261.1597970790088
554.5633874514606 523.9414310096535
947.1272818291686 954.0082984259965
963.3257497904541 917.4273049280131
775.588995285014 708.5484779563822
391.36922305541185 450.77165742079313
386.7702374305829 469.8583111809145
734.5676383852972 720.7598729273839
235.42813138809947 205.93126281751847
414.8916989798995 488.0375449514982
231.0837541880416 280.42373777085515
229.11778824746506 277.9226783081057
345.0120763034978 309.7744825956764
843.8246772178178 879.9188572485947
297.12822161875056 288.37358810265454
861.717017847524 867.4512313178496
403.4821933707582 393.71186947311514
477.0090755027804 423.7764302059102
375.43660395712277 310.36759836354014
627.6698691265904 695.6917704015971
566.2727104445746 564.917943981941
626.1334264895582 623.0275448413818
72.51056066738683 88.7178243471865
282.53527183487796 238.10231619893926
381.84555601883153 462.86442596815465
520.6700335876571 553.5877063552541
123.89781874781977 175.06155812603296
437.28515475327265 397.18658228945475
876.4210947025351 843.1697273142826
310.3044266222635 380.0074241766637
117.5431683958227 192.6262716176928
910.3097474554568 916.7307097835451
299.07159083899234 221.16897065128734
774.5016963812607 764.5058996838275
759.6968420959774 767.6182198588679
323.80249688404353 341.5738221444862
664.7839168270524 668.4428881956501
694.0444252720386 657.9516007659595
386.167139720745 379.84681398690657
858.432902981722 859.9770898553218
609.3485275178383 565.3396528236037
234.5594185486567 157.3617921336433
380.04402424008055 460.5188513835045
151.2826222044592 172.14994955736145
866.8487855340461 863.7552538039771
829.6520607180738 864.7353521745067
477.35648814588694 447.04494487215044
309.99468759521136 328.6430629834004
835.2367834751055 893.7349833143905
664.8254171952148 683.1859429201539
692.4536920823089 690.8631579499297
763.653370219125 753.7615689221503
156.77296201943156 176.22207143268048
745.498589992263 713.6082625653556
379.77119272264076 324.52332467215876
670.9457590620651 648.0680406879238
379.5898232377668 359.9306650065445
215.57356503156194 184.15414025441999
357.6954935784231 350.78230320981226
438.82490932793013 461.8529457447184
556.6540525443695 516.7980677819701
409.6239192804957 401.58942123557676
947.3597512256946 942.9955940355806
316.2561604251563 352.8574994528854
666.4303008155816 652.5888689632443
718.5633087653925 736.79423342962
285.5179212711374 248.56661985952275
335.75158746918237 345.13976736356
173.7832119784323 201.2655424873191
265.5978669382885 278.50947118160053
121.59587449998746 176.42403828020974
371.8347435998123 312.3679163488375
571.3129887744325 577.6264317663943
572.3757471937229 532.3383556987336
708.026924239055 755.8572306594119
639.5722949994314 653.4058543839366
894.4955770835753 851.3911769090885
721.1822931538602 701.236604531941
639.0432109037789 643.2771118165672
421.08732544230924 426.6806835799758
201.94346544658356 219.8807869458472
7.845677963934335 36.27393754619125
600.7404742340575 619.2543840589492
340.26203713843347 349.3922207817419
302.97780191670637 339.7881304939491
266.5189387211581 243.6082904265758
352.27198838586565 379.45278790102657
701.2018488212955 732.829260279815
961.9372291726307 903.8642858012815
313.7343244186212 381.37375748384915
221.98378055960657 230.28452389231614
654.5952776503597 624.3474801526901
245.8625750617097 233.81291300856043
231.22084574411176 298.34328132563866
721.3048272371188 745.1873853368844
719.7307150690385 716.964859335164
913.7072657620768 963.2766605225391
505.88033205617086 604.2998658848177
209.06879876908158 114.0510208564192
645.9376572224575 648.7844346241404
139.36201577387743 160.76100564204745
14.00461315078607 80.81076254545069
290.67713985773526 263.1431198356963
627.3012464925415 633.9892350567951
383.31916874504543 360.12392160137233
245.22963951876395 287.88576084378286
775.6665206167908 710.595729299681
47.34172285375506 56.16862699331563
834.2820167359631 854.8518960626625
894.7378995196783 861.7985602256246
201.1882955712803 142.88509482386903
71.71560741498877 68.38610611975906
327.5792891870682 300.51093663996073
873.641477239947 879.3928831359697
76.86031477712594 87.07312914023366
751.7443354200036 775.6256428873996
593.4934783393368 508.2061801875832
26.502518610077317 88.95637636045254
356.77879500726465 381.7425735231923
300.5618511977729 347.9180092034761
95.09706949951445 9.71061018469453
295.38794438348066 235.214374158919
911.6778666930085 910.6302563006205
228.63820595674198 160.38765614880307
895.4693812766316 895.1841320934861
584.0558709525617 578.9234849104439
904.1180583556699 920.2022393612642
716.1024220486614 770.5530141512294
180.23057460487547 215.96401629331672
656.9640602311267 671.5140601947487
638.3189512205058 646.1582643904692
492.73756695952096 388.40545848626755
205.72160675503073 176.38321104109644
964.9982974006639 955.6795758410574
208.14925042183353 195.57529625216068
201.2568013263072 135.41153849551128
933.451388702047 906.9119393035728
6.500799768542052 71.17692080364625
674.4147890980014 666.2924781251485
429.2429982257482 445.30382768213565
282.4252431147062 217.0440716758241
871.0787773957652 866.7214544760914
390.69545563696215 487.4674040182166
889.4866182312493 830.3966240314747
290.10552966361854 252.56546645063057
158.857524292583 138.59158501654503
438.6982163268784 421.48863292604386
308.10835396888245 375.0777503980427
605.3357144461488 577.949942466906
909.5680100764838 920.0924029130077
288.08627051385537 222.88119952720803
416.9599359249358 396.176855318637
242.8080626965888 248.25421012438358
849.4311266090385 849.5062491947671
350.0159703779003 380.84609338280865
756.0899549425651 738.4735003052049
749.3643862809929 704.9113242085775
278.0304506639094 288.9012126537856
850.6359925825204 834.6045262299231
721.6854424287707 739.4219099878849
215.50611830731845 275.3453250509639
439.1793708602163 408.5102201270708
267.95268120505125 244.93660642881915
353.64827170644594 332.0827183107982
884.5902052273765 878.1639161898843
834.7672502314849 850.9263467144211
522.90701037058 613.7073922039644
644.8425011890914 645.7940863036799
222.79146920738094 246.75822510517355
911.5841313177588 937.0775690031016
203.0525105492544 123.65704438995455
715.8503797375085 763.8172038710487
919.5553688915068 907.9704040098395
479.37011478599936 473.50508493683236
311.71921683651624 310.94079139654315
944.9295012875277 900.7801748000144
869.3815388575747 858.6896453836305
528.6830136776559 600.670279228356
546.9198262776379 506.24990196593916
370.29710591823334 350.98181975459465
501.87839556056736 535.7408632577556
937.0623285980483 931.2618517684297
901.6963323607703 921.9467311870162
584.8532059837808 510.3177563569449
189.97539365010041 225.1409234556316
229.17955699572306 164.3060007608516
323.3832533316489 355.10277763650737
330.16595979561316 317.85223430915937
416.0643910689705 467.08795611031974
883.0933728452723 888.7619480401739
593.453687930594 588.7152032358315
729.2230253382793 751.5635454496355
433.87267955747865 407.51333585817247
609.5490939829743 515.6349283851541
324.79637061624493 314.0722910986455
857.8709052366883 846.161613549616
611.798953186111 601.2263716857112
740.3340223982688 772.1821348380574
345.30531139574407 385.4423455252049
877.6444147764716 861.4520121174152
856.8142758949962 861.0723135359677
864.7918089409835 868.7932479294633
328.27942555776644 354.04343528306623
776.1324642947008 773.2025184422196
885.3386535748504 886.4156617805495
839.356153936806 838.7250931054865
661.4445498933616 681.0458431264864
241.77452692169936 215.4634697972662
385.71906493007606 367.5452514586557
440.31187746840556 466.38835125394877
0.17234848575832018 63.8355859734649
660.8154408834343 670.1825331250735
300.1717447860277 303.80582386600696
70.33789178526011 12.521163494147004
880.8203361603631 831.7899728885424
232.0204786191018 141.63559226715245
680.5195139428132 682.0052444977282
229.75385484989866 227.41195844410407
566.2839972964663 549.91482251485
765.404480318316 763.4979185280203
526.8941647761077 607.3677830081452
381.6942452364661 398.57779746486364
233.30982658480642 234.69694143820266
874.7917880289351 831.4714097033788
213.9325345778418 295.25837327623583
363.839488019742 352.5688168046882
362.5602725448602 321.1264000220766
861.5743783449025 839.7591450263524
693.7245070670441 682.7022392144388
667.8796863376697 671.3750288982708
257.8132916295615 253.34843525477476
697.2859276216969 670.9826699914194
725.0618165941556 752.5761537673264
322.3461748678181 315.2386354445242
294.23471758182836 294.71490407190254
640.1503641999964 627.7885726500198
235.96933066272166 106.44645036368867
338.2220516701487 327.016331463019
457.9019162764558 489.39647284723907
219.61183487170322 221.2931331731951
657.8246117575045 673.0183916305357
157.7469301413701 105.37633920783087
675.9233512902122 697.8864717997
893.8883206893038 849.3605441739114
103.3802660313779 191.5312877600374
530.7437015260716 542.9281136342515
49.80129492958295 79.18420191561319
752.0826350624652 759.4586558003558
323.09447439856893 340.8421592946713
883.7692294701797 838.5016959419887
543.7877568339081 550.0228652060491
280.15038898608367 287.53886788654
370.58815209175225 329.8123798886802
730.5658737500056 769.4362626964682
845.3308355081028 895.2221908943978
365.097360837155 336.5378126672643
615.828030517006 524.6518105912946
21.218004283184086 94.83012686725533
358.52477731049817 361.87556352966016
288.94085028703483 249.3494540358362
695.6175216060893 668.268357053504
607.9454166882773 541.9932632443508
646.4462011725827 670.2988785707694
660.6962013343089 622.9393354402622
724.268911858291 746.4843503405154
303.2302928867156 373.43290360239894
962.8087116259874 915.5185552220704
69.84796700355528 58.183665482894746
657.0361851752534 681.8879212548318
954.9001948849923 933.6534930954176
481.0976221046036 449.88963809508397
259.21278756253207 223.20962344940557
373.3088978224729 370.8859662574816
857.7605228656306 877.21645369904
269.69023268457784 274.83146201506645
384.93413354302214 469.73703891209107
104.25777929355347 108.47122078994974
278.8095687079315 255.8183957572224
959.1269699320962 930.8777910623932
512.2486501284014 586.6307281980406
872.5433731425718 868.330226538169
618.0640190643167 522.4577902447417
322.69331604691723 366.50139382528147
292.4204852794837 234.4657714104252
662.5115722953519 650.8930599608029
704.7663176582964 757.2454452824371
631.2555389461002 631.933764483678
267.21848631766716 298.06269707491236
150.22505866407803 153.69413872618577
325.3253839616016 359.6596607585183
536.338141208958 500.3531214439536
94.0253513014821 27.95171374588284
944.924214484049 965.2543134689378
842.3484481183775 843.4679595219984
916.5180223843872 921.9810154636741
946.096599573633 962.4915623384455
90.69738574907609 62.86305260225678
285.23660638471466 251.1792569915141
586.9180890755958 515.6327987853415
648.3160025673294 636.9670712558503
290.4377188585572 230.7538409508199
960.3735169669784 962.3603216209037
719.2119506028008 763.2169778382198
676.3646813948012 650.3044536744363
970.1715654451784 930.9952176622178
641.6213251950263 633.5257986697601
756.975178582061 728.7056276869052
304.79244015904544 334.2111041045224
239.92614050728423 283.4218979766688
287.8777253640664 299.0489024051879
493.39019954490317 398.2301959642584
969.4819919414334 935.8094306388326
350.5562812981418 366.4010461089305
362.1416183174567 369.08726700814776
737.801278795803 705.9195039863836
189.35374215492604 160.69430801298114
862.9862321408407 836.5763650576554
656.972782866224 678.7207288030694
881.3760584655622 859.8073948422708
112.58044507105019 213.0229966971471
246.39713358673023 227.58678552814308
348.19226522280593 358.51511110836344
119.10097992629824 167.96489562698912
249.87745645005248 267.2849002451131
728.2862949028938 737.4063447904715
333.94641272200755 340.0429359783301
285.95087327221205 253.88187081288385
443.6414832831641 499.9037939139507
258.727432110722 240.67760816314268
274.1958805435398 223.6547038690061
445.5233415973284 476.8916329320699
264.08648670604737 242.1800348887196
644.5497747858589 646.8270294189084
749.0204350365738 728.5728306809303
528.3374235730915 617.3022889027301
271.0842458740315 285.97591286487557
233.87096659921053 288.1846068424195
312.24216867021903 384.2984002809479
425.54382974805964 380.1044527578229
379.5183104106677 489.62665960644523
866.7516754561753 847.3289269022752
258.4137500061113 278.5720767162275
360.48825780116897 375.3574127537545
464.0189008915279 499.1469128861637
301.989772601044 305.1982484850453
670.0575258512522 634.017992166172
552.55567713619 501.57297256870487
699.7735006817859 690.1714617559414
347.08317594926257 374.04401649961636
338.71258594831136 363.13673491154253
284.77763066498005 250.74669367620993
193.51750110604644 223.46837403633737
679.3314598968385 666.1327832041736
746.3575811204072 764.5200553316246
877.6329435741842 868.4343098397707
738.0149153945183 758.077321881576
38.912797065345295 99.24881071265484
954.6733583205454 927.4866648047421
469.7878323266704 490.15029528359247
460.5231769518884 480.4728144299145
502.3301886563092 558.7284692878791
10.527065537908399 48.398486964424855
259.26860231399456 280.3449256365302
869.9521777829964 850.2851097099366
309.89593935158763 308.76087682068714
612.4427063844228 577.7314732881844
838.0783868504249 888.1684778320508
931.805863967442 905.7777926339318
291.3395358323993 227.8314315032569
867.2383222595148 888.0674051331475
662.1878059225065 697.8066990410615
178.55454530258848 176.5174577460287
360.76950199947856 303.2797641106485
948.7472242061226 921.9264280220597
565.1718771013909 619.4944323784897
327.01465649597844 314.0730713915335
882.5816721232827 898.7245635089774
331.5307976968205 366.929968703453
947.2373880694007 931.9309535764374
764.4423746512963 720.0554400263117
228.3626090607914 272.7891684797242
31.613485189524212 34.38013015354706
772.8053976547131 770.8776635300156
892.0875001064816 880.7866651625321
323.41966751541156 375.9646809859077
740.5402415309338 717.5315995053869
322.87973079621975 384.6057813797929
537.978448473458 617.523943203469
491.4270850879732 440.7361194856139
662.8975860150888 691.7216895684888
285.43230289508256 261.0596235390163
176.31526954089327 230.3457548497366
445.13949593086215 383.0341316023097
79.76484597771426 62.64747168531553
477.4422598369404 471.5672458343306
35.41294522257253 12.750097121098335
934.0830304759776 917.0907991999428
213.9280643410812 191.85089473293138
175.7717247368693 120.69340683247785
243.6514182448506 263.4693207048045
436.68968556435277 437.65705586897934
618.9756014437197 570.9140029853135
370.6997550032015 312.8628119816741
255.2571109914772 294.1021274197814
922.7432771421795 963.1337429349651
663.8307639210329 693.098543788794
700.635774525584 770.3844517431778
92.836865665842 24.305007419825074
384.73338606844555 323.17747666012104
53.90547889642154 92.03833745935394
93.71638902427387 30.151635985855876
213.41474610759016 220.83589284195986
228.65309263083742 222.30478163261762
662.0245781381441 646.0010793714994
399.8695364996935 395.2409075484971
336.96886941116946 320.6257340004306
189.29449838450836 146.4437099670613
236.05824021914717 225.89458720282175
304.2389340592588 328.12405429975485
910.7941125733732 946.5964558956512
164.067354322778 152.28482012624903
623.7938470287776 680.8783919222499
384.1924076202492 404.0165772441111
601.1781600547695 537.0728003990956
168.03563842996533 172.61724522366225
334.8806353058935 365.1153597332004
232.26024057449234 223.9980758086645
698.7591385523278 674.4235799335619
478.39226386817455 465.095729781694
279.5351866575022 278.9902403741809
191.7337216363805 178.98243952679184
408.5036133483602 497.3041790837782
177.81779513218385 154.76771018688467
380.64232710650504 345.9266649563592
330.8878032412307 319.34477691264647
955.7025820675781 902.2828218715756
574.9394639571965 516.4812830699389
342.11819125877844 348.763040954409
66.57032498766608 84.01126573115258
664.3139503999636 687.3670755185889
12.525596978680355 27.625668111575877
638.158160518642 628.2647591005257
662.254745047438 650.6353396168886
769.2459359547055 758.0692368082158
862.7652462364671 835.7911157346861
248.06574181802404 279.3700038810566
245.54062536326072 255.79169883720664
838.8940901246237 848.1087914027682
894.3356542786271 867.2096038552345
251.69446230842377 299.66074119026746
831.3625812746523 840.6178864728562
334.15970656376027 384.1455287696225
500.5714029715243 620.32129812362
911.8706058129322 937.6092001403224
926.247742409973 963.3155353861886
192.55366319401116 155.7526137202197
40.93417863965436 60.5280860895857
54.89975485339151 22.30153010916085
844.8384829449748 841.7146803725835
115.14967897596478 151.22183439828186
317.5391520778163 316.2894557036998
371.5195474106269 329.65068015137894
649.576219780828 642.2838759890004
285.5575234732686 265.90334063053604
853.5789050429858 895.7432011186256
217.14549975070986 294.55912440989914
956.0272927156153 909.1957225212752
137.50867009921498 177.9498114348379
296.4356659753045 227.77331367490308
268.0819211942957 248.22425201621184
319.04386541676445 375.0316480345486
255.6955737361529 293.76620434827777
751.9855320744244 756.8880943841464
601.7122327428668 550.0451978577299
219.42182896643058 231.4953742337307
509.5807890966045 615.9709100304605
156.5586565980871 192.58922783683295
262.6340481301395 280.10482600877555
743.7727161392569 733.9211606237984
392.722789611585 414.52880814053617
492.8879029540487 487.88837476110126
962.9033408025476 914.2078523874518
122.89349180078335 219.6210536239185
751.5524723168481 757.8123186346213
767.3451138360184 705.9213459123018
482.5805747359968 485.92740694756174
843.3454437526943 866.2681384426483
515.7375299750961 604.6546804577783
595.9262964830791 605.1817387895885
185.88152096705358 198.4005074891785
335.5600538869703 356.4079429098935
250.64566195031745 242.5666246719461
297.6838507896751 296.762623139654
415.659283858998 467.6782789533831
398.6122746908013 459.94733935962284
644.1439140536444 690.4309393167676
313.6802015772011 339.12605699122946
601.9703280617911 526.8695259761803
186.7375325938798 166.58262670453917
35.15258115429371 93.80605295013481
868.266768196796 854.1174917830928
213.87857526658883 298.5041866930003
376.01476310926694 302.4790015881739
763.0749221689326 763.0246058384328
771.5299144627248 711.4984886552846
321.44570958194225 364.7481922938829
540.8459132073493 596.1044941026303
248.61723596265858 298.6442360695082
754.2712719491888 758.1437590851343
390.35777743585317 418.5293537449158
255.26065208495902 264.298560330746
126.90355023625469 128.42099802858544
513.4268365653104 613.8353267900997
661.2193848368481 676.3147706493568
677.9606842142408 646.8985797066248
297.4744112321181 290.16193402189896
223.29470571430429 246.22541428890455
141.3320261139039 188.1795172312226
836.944134587558 852.1676855357555
291.55880235615024 277.778837860783
561.8607677029855 615.7613130991065
362.8618127791019 336.7322006394652
270.1106568984667 241.2608432104471
392.02161472446267 438.52109156325014
11.20244932716652 0.39040521033626874
182.4087800066175 216.22294709797504
264.45572209863485 222.46486863566778
435.4198260176986 429.542520687374
423.8876545776891 435.3433464165605
703.6564625737586 757.6256965027967
227.17712531540008 162.90955355256023
735.2160354213571 701.4730229946458
153.2625172363663 103.63270131796912
449.2045982999146 478.79060077566277
334.5282566484019 348.61505978379665
369.1890310208193 381.39335819034443
440.0498721013393 409.75744105875265
910.8583999713361 929.9420697304492
699.3845646786037 640.906956682459
577.0341022032044 612.5865691122291
685.2433395570783 628.796117576993
722.4153483020361 720.7837537142865
641.6846267000005 646.0567537978128
332.1840384927324 339.9495194573312
955.3394910468894 947.543941267147
851.1767669172843 859.9473671664946
121.44870795024147 218.24280951483766
748.9662144669514 738.7256939526542
531.1737281316276 564.8755769334937
744.8289996678141 775.598081761987
18.896976341583525 44.50984844704598
328.2346431852893 323.6337417905078
753.3238735995712 776.4903069694642
277.9412739995611 294.0909213110892
314.54276197200255 376.92480886018336
410.43842086429373 394.4634003602023
578.3099175304319 563.3337378860241
743.9047512265355 744.4311997717598
25.9758078570042 85.61186644046424
381.6376838483811 402.1889439162247
580.4774181311748 604.662935708754
130.22872020830172 213.68095985373287
872.177322829021 893.5985248478725
40.315091891152704 53.11275480393329
931.1499541147228 944.4807651237816
532.6594836481563 604.4214820562486
847.8910665506013 858.0598820915337
856.9133261749854 898.6353341861131
447.2721039215619 426.42143606709556
459.0559703943429 397.3055725694195
146.57375150230877 230.47970532816802
590.8378075066789 615.0028392140018
755.035731942924 700.0362020322947
952.6529374683264 909.5453630988827
937.6417690913868 965.9603227199439
931.5860996341349 950.2023863684495
380.3378139916887 360.96615014140224
933.0895034512104 956.5426544485216
93.435086293406 56.51607071683511
372.4382503198833 326.9786754006298
703.2032356236682 768.4382560109685
896.835680928561 841.1816384579091
299.09204236012016 229.8528204462579
276.37602977958625 256.92636712181485
842.7042900563454 893.6980902246006
644.2921803179497 685.6037419714103
49.41536843904647 30.29535963536516
713.8453759654674 752.2957701758155
898.1404931164606 878.4205339890877
254.99174278835775 265.4376568206369
237.96902427164628 224.19683213230644
269.486793020676 277.2475517873627
958.7573294011642 929.931908199274
459.76377355830584 438.7441065276621
474.4194310876727 453.36634876440456
334.15738748869916 340.68151526854217
106.24446304757525 223.94765652703188
291.58251328564313 253.69318092810386
606.5828080751538 564.1946409039411
325.30593503289884 334.8845308374155
168.43967156754306 211.13094505283428
654.7653774677108 639.5418180621348
343.7540717388675 324.01608059049124
330.8721949640268 339.19352527447586
698.5915283813281 630.8869974369165
248.86970246022392 270.74838397764444
465.3612934598105 470.36196983690604
673.8994141484882 653.1781075789767
358.20753656284694 313.0565092384031
299.1294191889825 264.63802693368586
680.0891326245555 663.2806533433662
381.08635465644284 422.82362645226397
509.7012585377596 521.8443105639133
947.0061048315437 951.2990514074382
320.65131292982994 347.98290429083954
483.25280599146555 399.43424452158047
832.1148325771624 896.2168653626657
681.432290424408 623.0099064085127
524.5111580085129 604.1469124550133
319.10871515596136 300.32697808809127
247.89814488619257 257.1356978445957
771.1714513168755 708.819782936835
356.5961446988763 336.9527902138052
333.98420703029615 333.54677504047277
864.1761406172244 886.2739208870828
539.1211616963858 583.7722945481845
298.92565160328735 270.82997358851924
372.9668235637188 328.8622688615163
282.5821353221442 282.2370868449456
103.48219392341278 222.32355680780526
324.11557720824317 383.99607994749556
379.8086734593035 478.3621872970921
926.2182892923086 925.8330981302421
285.0819384700525 281.5984654303423
252.4216475736659 230.49303518398318
688.7237356372614 676.9502264215931
546.1550403191741 532.3935886012413
736.7957238577858 760.2155783402324
855.8346164017735 849.1742142028572
895.6116826707143 836.2239792928444
315.71378480928337 307.2330756558066
545.3999243205806 508.16214564984085
709.8052301998162 730.8130146478198
117.73259377496166 227.02390601781906
450.51077881250194 462.15945151756983
665.9159037191026 698.2327602041162
968.9223969911259 947.7330282231708
634.6118059792392 665.3753947705916
303.97835450466937 324.7044263744687
416.16953653282036 407.9078161020349
247.56384340106348 222.83594374622652
235.02336660422938 228.07637256661536
308.30522762363034 323.7995181069946
905.0206948762568 921.2060525940925
426.0829833282404 445.82176546013756
294.06064107353365 229.25916763636818
936.527624135241 936.4641694990279
230.3306511331822 238.05685749178002
274.66072115026685 233.48742936571495
948.3945214921848 933.9740033040364
320.8809748338693 346.8488073763398
345.03064773169854 357.17621832832594
951.9476397248097 952.13263737765
734.1974186299382 771.1523985858815
449.6378086136569 474.4264264202306
421.29134178682557 437.0021474182662
641.8462802919154 627.1856621463644
696.6386978229253 640.6015662927807
894.5249486824596 888.848278531089
230.03870501912405 215.4845134892571
658.643536048554 658.4950562174288
141.9297700955858 223.85676102898643
364.87457222101835 350.4110469471437
504.2199918965605 590.7163228331759
559.5229743336803 503.2397711029478
227.74353196313967 243.32584635290112
858.2330255865736 850.7816825036605
872.1660818714856 835.6881341558159
185.2016102431573 143.70896128174792
287.6951305709877 232.75932569675192
591.1980609770338 583.0242206706465
311.0493336089376 345.9472757898687
371.12242528499746 362.7655716853024
737.119530805645 716.8959107039778
593.0568377733083 500.1976926738471
581.9576593554553 539.1442634635196
243.22882116504198 271.2021960843924
219.66058108909778 215.35209348217435
521.737163997212 579.1003931421852
927.6546076265448 938.9379385402073
770.125375233376 714.355959851512
943.0550678569605 954.9803731135344
366.6076574833934 374.7249797109344
887.8751722282311 837.8100443826584
351.29317790051266 369.28615680413145
749.0540943927504 739.9457283686066
728.4038307454889 701.6955512000771
955.8103375356194 969.9044834046767
387.6945162906735 424.8833503133932
107.39309006145942 188.0159902498575
463.8094752311242 478.7476663551093
318.7058420417582 360.16092875166703
764.5781189562332 714.8187258171297
590.5320761047043 604.5290459062538
278.2466032506291 247.90151183730322
96.12222072817046 61.053902501386276
501.0189223305173 554.5861030169102
840.5674369765793 858.2646782683087
690.3610078595838 651.957024133622
701.3925350455859 716.7675003477201
641.2823984280159 697.3337098674882
575.7162470791939 522.2882253595416
468.2031411120342 493.80139813602557
764.8138857367413 773.5598497118475
383.1816420694649 309.00355836741807
504.3834944266873 528.4663905872601
432.6316905454023 428.52682955076125
356.35413720312454 300.62681133990185
326.2440482142924 345.8011174249102
85.06507645953752 79.80724165038458
89.57700713337357 44.52160241353175
311.62846515689574 349.7932972816033
677.3821614499553 622.8804017203136
250.89907542145338 262.97058752554875
95.77458924428961 96.74784733708158
635.6479608682318 662.185848942963
166.39154800475205 120.80995492479059
917.3151986974443 918.2712744712368
538.5475291777708 572.4916771179817
651.6072383315418 686.3561484668618
140.00445049991538 126.14166536698137
706.1246896479124 734.5679087647108
68.01852589520733 54.249762800408796
767.6931483776119 711.2141262958677
131.00641622274176 105.53448435416374
917.9409633540259 924.8499631389958
450.9782722275818 442.28329237961333
880.5677402805003 830.6244294618384
912.2344644974037 911.6146610107951
873.2486566808324 834.3017634114899
300.1359335571935 384.23706386955644
379.70078259504385 358.378057174133
229.5873331779372 249.4741324687947
931.819529448768 914.886688365953
678.8195875929536 679.6530157683833
171.93861968346187 180.53795064935343
555.6773047825549 614.318841035889
216.2856527544353 291.7260647817556
661.9618975265795 676.4037121092395
324.0880098468149 300.5353152152422
260.27327549215426 223.03280720080616
214.79478092497806 272.79996835468324
526.6401804660902 533.7216001797495
656.1230623127402 663.7188327429212
442.1007525733614 457.48142853617065
257.23941851495573 290.8019536864896
14.024153058969503 75.01546410895314
242.59298370423636 292.89664062352557
114.8215783179331 131.29485343111648
529.4645776920713 619.743248761309
713.206796391786 749.8248729818861
875.9695196185572 898.4456508945035
256.789266711928 242.2900394752418
