1000 5
112.66443526511115 952.0546787691501
563.3275394740825 525.4162234623335
569.128533378461 551.6925145145193
946.5146458267023 135.3856122732817
464.3460075053024 430.3999260828236
667.9913840902907 279.91314254710977
857.2281282226895 63.78230295070786
90.69479050830815 862.0105635481931
267.899740618831 660.1315495827475
157.45887894946748 958.9965684946255
919.9959397786283 146.2377724084639
897.7202518795514 83.31279835675626
454.81243276337915 414.99320897715205
265.31887138974406 686.0782555462129
32.69091715105705 811.6592493331938
399.12726701737563 494.13295756783543
46.64196697610578 874.686490639292
589.0000868252472 579.6988790894713
882.0125063207789 56.405382234217036
938.5154409745711 128.67983289846802
508.5368290433079 511.3260075910602
895.091630933051 70.31384426779499
87.92197792937527 789.3017326902152
706.8886629896093 349.3168842143267
572.0967727898061 510.1848353774725
333.0007412525532 733.0827671537231
150.38772331252292 902.9389841358064
301.1935264251581 716.2191897758837
892.4655245962728 62.839230313528475
754.036333885761 340.2414917232511
709.7090299862083 305.6338545519317
892.8528953441768 93.92199501510106
343.0257255941723 728.0340087208401
688.8693951848662 297.2186399441126
924.3931045788478 135.27599574143414
871.4858030188368 94.36772936375077
411.84128176036626 479.69085972166215
651.9936602800647 274.97091651803953
461.6352637729525 421.69566534837946
528.0090181591796 535.4801399264118
586.672543804859 555.1296809608292
863.8134939140851 65.98798932178931
670.977637098903 249.30074948929777
101.02297071683914 928.5430127470265
124.62696759707143 930.7655230022691
182.72619867185017 933.3554364966712
897.0456941343292 88.43841185688152
491.4483383403183 418.3955537090891
171.56124698704838 918.7880664170775
28.726412304768814 850.5881676946567
112.92501739083245 946.9652745872976
580.0638979384087 507.6286122745396
909.5583285505113 105.93408670437628
475.3704220485722 467.2025781489485
291.292015435735 657.0467725147014
494.5123214524901 438.2521356966092
910.8353400728008 111.27151631533903
901.4503890551265 127.22573669143857
439.0124589823828 417.86156039619436
592.7350236110495 572.7546841841157
707.2261344363321 313.46994125709693
881.6623708298775 58.61682270825169
866.6183864673668 96.59843566358272
906.8383063115422 126.55859095627262
922.5877820740568 134.75210843496558
536.9671628603239 606.2204794886594
865.6042679688057 57.272289489490014
596.9776057319104 503.0654115393137
9.371774246830881 852.0670486014598
586.0129200369281 580.0964194208693
877.7364162427147 94.73380520548659
645.5957114204434 284.70944779205
868.5774379455661 68.7709463029187
724.01850068963 341.17611314109246
760.4997559768209 333.58442877178993
718.8316305260929 304.9736192838404
331.38061417925815 724.0321264656972
918.9287261478073 130.04072591857425
649.1994106257588 294.66295540811694
869.1962664881804 55.32345216320596
892.5719812336738 56.41146177634691
758.717659581017 361.76255134213613
57.31952445134089 863.838008789439
74.90118088134474 804.3884173811457
878.1355002384686 82.78001135116617
422.9789741046517 411.3713695494252
532.8317048174199 590.8115569393224
262.93377547051216 658.374289843671
548.9353230693382 562.5849112276351
432.1036088297218 425.64606355686306
419.053633391462 472.6468647137346
674.8345743521343 255.2489496206902
295.83724766304925 685.4176286313925
927.8413950857043 121.69831468558553
337.23141331809563 716.2742574297155
569.331588137236 515.7835547975246
450.601526706944 395.4003725806398
737.4517363682195 339.92032641391575
674.7566142027814 262.6919862447924
884.8286611158371 83.91753721861869
333.9938472751398 721.2738275167196
322.32476147890475 722.9876867350675
932.8643639095808 110.8000677175433
288.9176719178619 678.7382349754157
714.020972732189 335.2824515660958
888.7000742582281 76.38984398385159
701.1356024132407 330.61891804397465
933.065529896775 132.31854752811805
710.4648297094658 349.75111056303086
907.1718497277416 132.3173311201669
456.00151325053514 422.77058780413944
560.07792735469 552.0959611545801
670.2870559102726 285.8092135226735
683.4638919368488 293.9453191954289
755.1889947957328 310.36043746702046
892.5475899203605 99.2463432942146
201.26645163858416 962.144506878525
908.8767495306389 144.940923953707
754.5811949610701 332.4004825264796
314.4326870834485 712.4533401237487
862.8177414455321 61.24784657669546
873.4655457101629 97.38538045937047
865.8470111497074 81.53496976408935
160.39730500786726 941.163714775694
913.5915436359636 105.33579169053183
579.6371582514909 588.4169855337327
911.7298680819013 139.28467992994754
156.09513493093644 906.7255167322108
911.6570150213382 141.26885346422287
294.5084440046908 671.1192340125434
900.9348677393384 117.84727501146561
173.35885545957393 977.1757156801373
880.869165934239 77.59854600737623
130.16940613273007 950.5067937987183
171.68231539479345 987.2361501869294
530.5892498767397 527.2191015601347
897.502318761722 85.2572550021527
261.43946733025757 657.3609652325122
458.4995775498305 485.6293726061558
920.7011593212162 108.15790025947587
928.9084547375334 106.2483026037098
670.1067482430032 258.9253437386597
919.9900719324093 116.75300712874945
488.85375431370005 431.262031206694
435.9224007964905 411.1836742718804
872.6107650304953 65.14660920022662
406.3512323392797 464.8942286408849
462.0684828100734 444.87846905868656
929.9223181845654 135.3785342852032
421.75352798409693 476.1671011469176
166.0151343294881 991.9103798630466
330.0049664785394 742.4948298011647
86.7890997847155 826.6494763453878
307.80419278656217 723.500222328145
590.0253481583961 552.4743456087067
138.70436779350905 912.9433018245315
589.696979874989 580.331643765767
683.7098438882877 274.19218327869646
76.32320053862955 819.6772170759697
47.53393134342157 837.5219135123908
861.8277149007539 89.02732999972326
58.1203801031206 781.267592327134
920.0120737850717 135.19586080657484
450.76155976515423 450.80355303527426
79.1022123173254 792.7106635186985
907.1420589339749 108.15708714091411
393.4820658032801 448.72548265568724
295.7782090490073 680.4526743561566
661.9411614338254 292.2334242265948
759.5052186249656 327.72427234211375
854.0867013597768 78.96262854293583
871.5487818965926 74.7070434813252
887.4493087928813 54.29882452393904
638.2201709729192 290.39425449981263
452.39889861308956 453.4723116029208
594.2231110509915 502.67449752602937
863.3681716753111 53.474698000532214
420.2285309412242 448.11483577441055
871.4234257459843 89.7417538190073
421.06300145387837 418.1858686245436
669.555100204316 277.2132409107712
36.9306910771646 793.2526011598554
456.4392066075462 454.66309203939653
235.56458152700475 990.1447260793628
237.2875581733787 987.1736829290356
882.9526676964587 92.30033833090782
583.8506708941136 527.2936489071521
192.1202066748681 968.2004858830813
31.274531352619633 779.5634935840754
668.0112334285062 264.92312077584756
436.6689038300678 408.14974017339784
68.22887840009446 830.14844886616
196.68768927710585 971.530333740872
744.559761253586 354.70799732761895
527.7330048013243 595.4705963289912
536.3690404571582 558.1716333360932
36.85737315177939 829.8992073607628
408.98654589041354 433.3440533075595
182.50938838386986 941.0899282537625
526.4182134161998 559.4760283421635
921.2648857427564 111.03937539551248
336.5900873230946 738.2456931467997
682.9653536932058 287.8694788766407
920.0809643166479 142.77488372775272
673.6380354486362 298.09589705035927
309.50649323059434 711.0656061962899
502.03592539566773 545.7400477986589
206.97407938917314 961.9661644478047
310.680058032828 733.3355389425145
307.0345566398957 735.0816421979891
863.2146211186644 89.63834582052749
415.54251628853865 491.83448607685284
187.43468011495258 907.4077225470488
930.492608683769 112.88120432003554
919.7602250380852 123.68723478180098
891.3046371327491 90.15263183228237
558.6880528129457 563.1622487290276
286.5742071899566 663.1308801593768
396.47292515091294 455.53679072010846
502.4183996555458 529.6878126804195
526.3132309853953 548.4314117644324
221.71948073102882 930.793387790633
685.3752877605864 263.001652799839
291.1379717136904 662.3678617989709
177.67647746748236 948.6014759180837
333.3677962926773 724.4430397900882
572.8359466909878 580.8324993779686
893.485576468556 72.43395254722195
722.8277873071413 355.5515774757085
891.4985365883766 69.99448377051299
867.6849432850261 63.3748377548397
433.3776422929677 407.26897964962615
497.8654896499191 452.8974063962709
301.8413420828112 701.9100898797645
901.7313344465546 109.70259045747163
877.343034279626 93.7278592355159
66.08505159126445 873.7001308851051
522.5267527474589 523.6025210910253
324.7986908311355 703.2464471971183
758.1853425261551 354.6415404011249
898.6526568970397 58.97439774818471
513.8872808641131 508.813461620735
125.26823340070379 935.1066630443592
475.9444859383656 448.5979176245723
323.7972707231639 703.7525603760037
514.5022869497242 527.5623843144579
684.1998311972065 278.4166536103755
893.7952401116663 90.34902562079797
558.6673029631855 561.7093463877243
893.2494010392448 63.22588325492641
575.225774430982 555.1592128981822
136.28219189093375 955.6739978460613
13.012495139824964 764.9592295956852
67.76744962095944 834.7518503278477
554.4425085761444 587.4041302810671
933.8095760845179 143.6393584071308
577.1835928482852 536.118410739125
545.2659419297519 562.2203470901084
919.1336383912759 107.41555622509293
75.8012853094807 830.6681780231993
158.4251364099887 917.3239374527375
910.5368967119086 142.0903704477701
699.6061204410651 281.53325641793356
583.5560988547464 502.65192602748976
41.690998029608416 784.4251896892988
678.5856913643496 286.22704767758785
522.2882837496632 513.6199508081485
759.2525525468776 329.83598884608045
930.8357363841774 113.70599820384925
98.1373812342096 795.6189849698726
148.34492034288104 993.8339044209407
460.8542883429921 489.3291801765984
641.2280427612554 299.5274396091613
96.6237395057129 805.7064331530257
330.3333744680177 718.6064639189516
558.7573768542453 558.278717644504
762.4513623721278 351.5224578487521
95.13326043105008 782.6581578241723
109.91561833012634 972.6775778076351
675.9281007009886 280.2493317815286
723.4015421268534 361.16729919272285
923.2022745936023 129.63534083690993
91.26365938199618 857.0833795801927
946.6392075578336 105.0270362515466
582.9675610992967 523.5718632194069
599.6460479951475 546.8684433245736
597.3863853966783 544.4897502033707
701.3577650122089 349.2692094757599
175.0410742951838 999.0071304845734
903.3736499569093 146.23669866894053
864.8308120522438 75.0709208008765
753.9471952286152 326.0905336187417
679.5683193948431 261.4029474664432
28.812826695059783 792.87455494723
215.42379040501817 984.3034377798806
53.56208288037105 808.3938550907139
882.2627063784646 87.27331715223842
407.588065735125 452.3237333852149
856.0176968626586 95.29658009342731
869.4479857248579 86.4864197990022
910.6217319014906 119.97768200567694
922.0621251043059 136.8457759371453
402.6757519333027 449.49178868476065
876.8491472873966 60.21983303953863
697.9788293892753 263.0777424367646
167.42961058013535 954.8020397569948
885.2128205834664 93.80745156970025
225.33940353710736 992.6323208630731
943.1383802770831 136.59331564291338
893.0888491055902 94.10254817281665
678.8500012906546 296.73937063158127
863.2332795307252 84.0186349027553
733.3313844462403 305.19618501025747
218.51231696683152 963.3556318123851
437.0657018519896 410.4422926043332
902.14004745143 111.63994712544505
538.6813685737842 524.889662746441
201.11183212744055 972.5590522932206
916.0919449877691 127.11963514340454
187.49954333074317 981.6980297312572
915.7070043483799 122.14164666939814
324.626084454659 720.6443222518363
754.8531474580466 311.6830105647809
592.4501150647441 526.0742156838617
572.0603664884086 605.2139005247305
940.5245718687906 102.04122942501466
863.0700879908401 94.40947286929214
748.2711687113674 358.1341808837855
647.2666616169583 266.5437896654348
710.2719916537935 345.44770461809367
403.6733470352575 394.9728255255983
892.2030619185381 96.55393816136949
496.4257796240516 496.85655388724985
336.6729107252338 720.5758682601718
479.16754171326454 467.92521719824646
869.735595387493 94.81601210060896
925.7233338736082 140.6390088611363
322.79183795734116 729.0930329667801
46.39713459448789 836.0014180809623
93.6006353482136 777.8565988355139
104.35752171506635 997.3463793543443
856.8086938002883 63.26967929226281
402.46898191082096 413.06918273423184
878.6597180374479 59.48823816876605
508.9891505849492 519.1516296094509
273.60211655773213 667.027063954299
875.0996497342097 55.7739290279529
256.31735747868544 666.4459176619541
597.5912158485145 592.4391544374477
926.6996788145141 132.22100304329845
739.6505759792552 326.37187488220115
528.21271404572 559.2447285056561
677.7109660333665 283.27215212980263
44.58067462969195 798.5570514442028
740.741247014989 344.24398007836635
862.078874972916 99.29497449014123
434.79098951398277 409.83774657559553
878.4626438426018 88.31222761304697
534.2271443652025 538.7970289779983
555.6672555972458 549.7283105281471
39.70231752917362 828.9739475463338
326.06580423143583 700.9604176772557
912.7276776270381 120.07602793817821
864.8864205615122 57.099486511835515
48.58889760411437 831.1952666735839
460.6401740886869 489.27038600906593
228.99063855732723 940.0943916903369
215.45134228770272 979.1032143579487
881.2942305286776 87.22011835392841
224.42358955799733 904.9224759847535
528.6079081778403 589.8197545819177
919.5409031900768 126.51592084343918
901.8977066431552 138.73025464144916
748.5872727328704 342.4700700962033
930.3294765922645 128.52848847798563
598.4836475007494 541.0057892262855
304.13418584457435 716.8443482269126
755.8593800690403 341.5335649893262
702.8017306483252 348.0538318130737
429.4099243253761 495.3450216877867
410.28870475368615 396.44539042141275
19.692927744741368 837.1415389331737
590.4603287998077 598.2718967657983
862.3670731897779 55.221566407003984
419.18524875799653 441.3316261632932
892.5962055085281 61.67295767772487
93.51447392464269 802.9657566736643
665.0840026649411 240.704051903572
133.93424690128785 901.8489343402282
138.28443247707355 989.226217759602
585.1254439225443 538.9104306829873
887.5100361031785 57.32573328156327
516.0820637822297 520.6615951223049
279.4626434889856 660.6486824293785
340.4799412462402 715.8959829334027
451.7737024772187 397.8912082227247
733.1956292470987 343.5216039824517
542.7285932133124 509.2404289462171
918.1952883551045 129.19100472671988
941.4835341907709 132.01285810459805
528.2637917158363 602.7194185684533
62.10497235936272 775.9211793045317
890.3145885905999 63.41333546454992
21.063426150177662 856.0858395150856
520.505965211573 567.9817801823642
938.3296389778056 140.82956825611672
691.7953808400534 287.72049478881354
904.6793913096083 119.25597009129072
474.6773811337897 448.2497296785461
940.3190016183839 143.44942984150634
283.71342225343807 696.03624423311
678.1681212779561 243.76353113841665
27.837852389339332 773.9328434063776
909.8502311489844 115.06862634841727
933.6593810705817 114.26182406294588
525.111401076172 520.5979756220696
688.7397020438372 290.1702474317508
764.1960297070518 314.59086152813234
315.4509346013635 710.2059600506808
708.0208118646306 302.66039436380595
269.91533800976816 674.6904178532966
730.0814769092432 353.73587000489687
905.778025000217 133.51465520369854
505.5527371859507 543.3609234324704
5.836928794632229 896.690003998497
866.1171924180602 61.47319078840471
905.3216268716136 134.3380408303267
76.44216170747636 833.7808844927944
895.1228209818839 78.14807629177147
320.90513830252905 706.7534893965271
677.4603197818687 267.87915776004434
857.208264139157 63.32597326243801
522.1880322699662 514.3173027489044
50.37952354100696 860.328275706961
510.58637982075317 566.4439089478473
652.4698209195863 237.64976533826788
747.5582864218318 331.79533514873106
207.04965599275965 975.4654774212477
676.321907146697 267.80042092020597
449.07559258978574 481.1502984574919
509.93183506077116 564.2040456704692
706.0216175345072 332.11837200061655
927.1849821595184 146.03830188272462
898.4009012484113 89.42251351507876
505.6820757510089 539.1810877746882
150.61697411058742 991.2999978761828
894.0486378922928 92.65166064574143
456.04222030146514 461.5481706154628
712.8153478549046 308.83436136363383
872.4498031937599 92.82239169015365
265.5450358248946 657.8753416327248
855.7033580654572 63.85655800327662
944.9125126891944 144.08815444843543
879.2153360183371 68.86747649722493
475.1317412965136 448.76236548222863
918.2485771653074 129.45196614071043
176.38622878915265 951.0765347083884
671.0912454862035 247.59857618151437
467.96876622559546 397.27375478854253
750.7883979101025 310.12531876626025
439.7499320279277 466.7286073330686
899.5802142573843 64.1976725749193
881.2554335729932 55.64253560208201
756.4833240845472 356.3974776083102
532.964038150734 560.5486192421938
855.5020811663388 72.26294664230394
867.1581325432289 95.10751756205707
870.5135582978735 77.39124625737165
180.57182029732274 923.6506188418946
329.42358264496795 737.79758582019
439.9748371830589 437.1278365248015
703.4345438764883 357.1789653944934
733.2933581777563 340.74797682879955
274.3003760895978 684.1508011694098
864.6460562897212 59.525559992094806
864.5823130059414 64.48192446145356
932.3430789546524 136.544858878056
258.3648943254829 679.9257581851869
882.707082590951 77.43775110216706
83.98450703887299 857.1404015810845
82.15754926999645 826.5231424755528
924.2999902723391 124.8111461361425
316.99587951329033 707.0533390883212
869.3810945595752 60.517949130258785
931.1098705057267 146.25529246757398
857.8284901770978 86.98035321209616
481.4752547127659 397.633433254366
67.80360888520292 815.5743096362971
896.8166995852403 64.9537435389872
886.8209896006231 70.9111366556338
764.9289332486567 326.42345789057595
147.7590381417709 911.6442495847499
256.68870506506903 690.4612715727293
881.0243078491796 61.280602504448765
101.24264981697102 906.5292239146718
644.5069069622201 277.21998744984137
901.4317129351971 136.12616378913845
699.1293977229996 244.42946616987987
324.3588718588838 707.8887768181621
11.0512047607004 837.1805376260385
18.955941931699897 773.2432559287279
296.5318279726554 682.0034607380538
879.1303648349257 75.43996701197705
563.6824447900542 513.0871193850812
636.5281768216519 276.6964932700711
558.7170339394812 558.550155736296
941.9686581768824 118.90005922829519
742.2214364879671 350.3428110999531
394.44421410319393 425.79610796836437
45.841500384456964 778.6462960744768
591.8381676806468 547.8798021605835
81.28699701526979 857.5592310753569
398.7409013612212 447.2533937097636
917.4760934179789 122.2945202082062
731.4126399902115 318.9065084573718
711.251556697672 342.4597459954103
712.2420172153609 305.4985547844874
915.786155847916 122.12571505459883
414.26612196143003 416.4776882473845
277.5746460315634 690.6843027351454
435.8529725343498 395.0905959808455
400.8090514237305 492.0524769507524
916.366483639908 118.44109081741038
640.1677742232871 242.32414321269795
558.6162889973976 505.6085709498455
180.78232752514566 958.358902249562
877.3858742723322 96.80951652249672
333.3309718908313 741.9164293158882
85.65849182194493 887.9916502557443
926.6329724633904 116.81427402548557
662.6846215265718 294.1975285840256
502.3709335792719 544.6290820465814
759.7236070510539 330.17838688773054
561.6747812095282 513.9891538956707
922.3581758350975 109.15437424632285
301.06482385051436 735.914880313126
712.5868811432995 315.268322808903
924.710607577378 116.28237264607851
272.2005016056089 657.6545836720446
293.3838118968332 673.7492890966884
31.826433066716007 794.7915490438695
929.0127542798183 126.79714455379847
698.7317466749781 241.72090550322235
584.4045032864141 560.4872930681295
938.2961286819026 121.43092174182172
718.0336097540631 302.6109982526487
418.4195794167106 414.2094958835345
940.0057509192495 145.0003264858987
410.21816159319445 446.95853105257856
908.2048010881034 115.00920949376578
270.28875917503956 678.754300695699
946.1569828378 138.66740040907234
442.1518962584722 476.6738992617308
21.91250203751966 828.1560160685308
927.3018547146107 140.1168571829508
923.8188761163366 140.21853220611982
887.5872826087422 90.63273506923933
419.9987853550121 428.3027671308969
51.95776444764962 789.1131919042034
179.99653401438187 923.7970939451187
658.9671169971847 287.58559120279546
654.7946741615726 237.3108148165281
479.7452189017172 424.9495862857749
877.9370337428163 80.0144730961162
858.0179067172005 90.35098922274436
888.2983249053731 66.11128694393827
899.6927115132133 64.80794468168389
416.29194093541383 471.96669493039246
561.9544763784409 577.6915643974783
338.0287168461767 707.612716608933
13.721820706443907 806.9988742720436
906.9718802036836 101.47838330823926
490.22886801284824 404.4144064482553
867.222547115416 82.1749420444027
6.972339410375 821.7600221706278
594.1417586112773 515.3240889695223
854.6028515298053 89.30877743468093
4.507878422514295 847.0270570996211
881.5277626526972 92.07308167818441
946.2593379974696 140.810990566239
729.5142618035176 359.7242939873937
892.2872197520884 56.563362949411705
343.4265527498748 726.6074261066914
180.832936223817 942.5656759982775
886.0968798624095 57.031362747431864
338.1672257271406 719.2443084829974
539.9132378571305 548.923218110649
439.46917585040194 451.0638338185233
218.84159855803756 966.2005090479204
589.4390941864591 537.1545939126972
144.61642877389497 925.5299449009044
640.7965952847875 296.84712652395484
294.608098316857 698.2870136338762
480.2566484760931 496.87637962669993
331.75187399226814 704.0726853553539
303.4498355474461 718.0001461510437
185.77119593445525 969.5491028814995
937.4858132476395 116.64597893887485
881.8361248031417 78.84162043449427
58.349174549270444 876.4727046936814
931.8263499417491 125.41714524429199
88.25637340518206 791.240937495707
897.2592389706591 63.02988900043855
305.41917960200516 709.3276897420234
896.837612240145 64.52680603100299
569.7287809332184 509.3838437684865
264.2551096249305 673.5748059292341
538.4132011261149 520.7594946368439
72.56815093044605 815.2880100293039
262.1602644872469 687.8622343560835
153.71853221826828 913.3374221615746
567.125936296663 549.6093899277189
910.4965421278166 106.2212066349155
409.68616698882454 394.95519077747554
580.1654785034322 595.4903752141361
932.4130107636445 117.57970812066492
737.6868824775731 309.16775504719885
586.0221707952908 548.5940931629269
56.949484142689414 851.8502828582644
575.5043794290013 539.610138802969
308.3936011508994 717.5377988835384
895.671792540082 58.689200988216626
119.87348721556452 990.8942049207026
328.3107327014696 703.0176972449866
870.1122466867722 74.93482535873989
393.7853879069323 464.1382178947268
430.3251444743248 406.25402905407856
511.3727628813446 518.2299234827109
113.0411118853758 951.2297570230944
931.4896454359151 122.18367901671178
307.5698796839581 743.9899108370219
308.29382712402503 734.0529520262608
884.4581469260526 59.5769945367638
914.6069335917467 121.65288768045387
260.9851971937509 670.0012197372197
581.0843033177538 600.4628792458797
654.9716801104707 259.18987938328235
81.94255270781413 871.0993420252579
232.80389880919498 913.882470415631
661.9334909425183 273.0109159690802
166.67936076237982 914.9467608035808
315.17872879041437 732.8027862857543
551.4146919294437 510.9441011182828
914.5879808644123 114.02681729031228
331.56214736952137 733.8257628766264
763.3232586797515 302.50534936765627
732.2019441790258 307.2298098569659
870.5435723693794 69.04626966069847
149.62734878157676 997.8703606541962
339.3788027586586 732.5435051108431
914.2888206144781 122.71398270191666
691.9868925283879 247.46102941968218
440.3414654497544 444.940120902042
863.9202900279744 86.09640220860118
890.2214635969425 54.82539027092897
428.3079664632171 401.03924031841683
3.731057697273883 890.056556197308
429.25203637672604 457.83993321829985
279.65484846809443 687.7036591291206
291.7250195253341 693.2126422935555
923.9642633235746 128.768048750693
427.9823236248975 449.6747833420675
537.1430222394206 559.1227759866057
917.3381462281518 108.00123752436157
942.453526154222 126.92321038270008
174.56292671291988 979.8559174284106
896.190888567372 61.5338782170932
917.8563220382954 133.9471414513726
926.0171144427985 108.96436183037326
100.32778060948232 923.9997486037084
334.67737161212415 730.8984115003955
882.3902728972478 68.42958934892765
430.3038045240125 407.60811175309203
502.9981671806805 569.2911572997627
462.705733031628 497.6401743548227
741.0745297019198 329.4490662872371
174.01512768516528 982.6414084678437
269.66456780597565 684.8565952215945
257.19104624455946 667.0368103035173
722.328375829781 324.07433856278783
764.7692079397661 319.92787323576346
435.7369460702839 450.86913593623854
934.5514208884791 100.21361663219838
932.9608892701996 142.9307210428103
531.0639887772501 543.7645978706844
79.25420817365757 832.4809944399583
927.3196176450333 137.05449167800464
936.2257490853971 103.43048004522963
424.75148925326687 448.6878173143209
307.4320789237515 700.447289865809
743.4607413787141 336.6322374028953
764.7245569447086 339.7323194163073
413.0173154780166 433.1642051737326
921.0386424796762 109.13917440705943
659.2510740880523 241.77434682062244
936.824756157542 117.55014243111245
310.66796962750374 721.2209823114002
763.1474164079618 345.8387807240628
671.7702943706582 256.0933611573409
469.97894939081834 411.4337261303608
544.7086440854912 598.7189873089874
87.58334117200876 843.9910600341773
909.0295105348567 100.66628227416355
458.48508314474964 437.21029005971087
908.5244083735579 140.00874392853748
511.73501114157796 563.8473952751888
480.92962043115824 468.60743627419777
483.6059776894083 458.9810550748333
902.3201729564182 100.86967133173798
721.418820885358 346.8645050319718
568.5837347928457 590.2581938561194
917.3278774349527 117.08440570033935
913.1608560175108 102.90643854252141
732.7976079025028 361.3395292249846
919.6281072434998 133.3776032115549
857.8319212851857 93.1484554411493
190.87532374766622 936.1280590299662
745.3494190364536 312.451843821108
911.8716256178765 138.51946487839146
337.710616888309 720.6522120133712
896.1284530413577 70.73061131405402
871.5329530244061 62.43987368512955
660.327015920181 296.2079370797446
295.3479495089621 680.8564938852833
322.94281112463824 726.2665094484892
863.4955012419354 81.70746895336154
174.09556606180658 949.5920539848421
323.15783044396255 717.2984108569747
173.84427269726245 907.7791217937132
896.3946215713635 94.82483935586815
492.1349804497692 425.8955031407033
912.6533300632184 126.63160840794606
680.969878698792 267.1822154752305
912.7137085757881 116.57869938776122
305.9659720353642 741.1105944341074
307.15071569818195 743.3466092286237
275.2758617035367 665.2097520874416
308.2863046414831 721.7179199719424
279.49372781777663 658.0368220902915
907.2364936590742 120.67314599049794
267.4833401474014 695.571363515116
341.67448708288015 725.929673678507
732.4314305325664 320.16337102790123
871.5138441573179 68.342017107584
758.9348888207651 362.0423354077896
864.1538180643702 68.4998246266707
504.4294848387223 548.3388842788548
448.99753506649506 416.63526643611
1.1357174555556924 825.4867638287687
932.6097095203224 124.07330193134393
12.197780361611265 849.1377347195801
643.0047339084156 271.2018755988534
466.1938009531404 486.65135758753775
904.9122956672275 139.96155316132194
738.6206758623705 334.4049153961898
941.04623327387 116.3823560257225
742.0202513705007 338.1053255780228
941.2648440845048 110.35963361232346
675.0270686410995 245.6276028256792
883.9627334758339 70.12472203396793
724.4445981881057 305.1689322492057
396.7989549170307 415.83826619093827
114.71853235000896 925.1199747553625
437.1454547657965 397.93178860912076
415.63735155106355 458.09315127913277
568.9149454671023 605.5101774914018
297.5206585941144 668.865133435841
48.137402336503804 853.595663321849
445.20446762440736 419.798504917888
886.2157410792544 60.42321073330517
737.2825655485428 308.3260214285073
675.2577530435351 247.7786432873111
493.36340490074895 439.57425191273734
671.8315523371571 269.0362909095919
860.8842511818192 77.80515965231774
856.2704564807017 59.131782086794104
296.29257585123054 660.1716642814398
661.2574239545538 243.78763391331904
941.9865375832077 140.49238027084198
892.3347016682752 95.71369792166942
19.04559244593493 834.9718342862391
869.3066635193578 93.68151145603143
861.854414814044 78.47378314776823
304.5035680682762 740.66631817876
915.3077937015618 107.94679849439868
886.5535070011699 71.99595300941368
863.4942077800378 61.56142274285268
871.9147922163961 79.21864502844623
10.675298386100124 828.392606444661
864.3585134328281 64.82878156876387
922.8870019428354 121.14254492719593
858.5823924165235 63.287041488463935
476.2340568431324 493.35928695914663
286.425674068345 671.420052580371
862.5491154140724 68.91993774993202
538.5655800778748 522.1959473807348
909.8538488223915 133.7381286702607
655.9088496538109 266.76998449903607
694.034302280127 298.4220595175632
944.6622189305634 128.94676832374094
895.463443753119 66.54855244547299
449.9836246777804 412.62789292078804
920.3993549126478 104.78137108597136
862.0195190793635 99.59166696257832
17.290823204489058 818.5665781285612
900.1005187413635 111.18609205594083
322.45708399633145 741.1937815267127
865.9174810337328 76.21220080840936
945.1714457309084 106.65820117747128
131.46163193310576 988.9912892061013
591.5141830269029 536.7879478529125
752.3126541923973 304.49668736262885
694.434358591279 251.8229767915625
587.1223047139836 514.1735233590492
309.8664841922461 739.9334515144108
258.191904979871 667.9951285523798
500.6411533344084 588.4835676363527
321.47654701762355 705.2731409876
638.6741098754626 295.0906350766304
71.41267339518757 830.4478363292911
159.14653012624572 976.0758738685867
42.51689734469152 778.2399952873093
904.306792201653 110.28380739835363
907.324592016482 139.842692822456
98.8778469834915 854.7059582514089
443.15255335200004 402.9228591901733
509.3940688201982 537.7582337882844
941.5734378368688 100.93041296993034
930.3766553988727 104.5618465300761
684.7993916304681 262.0295734736022
585.514287092255 560.3911574717374
536.4272135466807 518.9542571691934
638.8484436574154 276.6116278425031
505.188296869211 549.607798517133
911.6260973588185 126.09474854314959
211.51530828373936 985.4318138648406
868.9374158537074 56.40176990719233
939.4556055686259 121.53533981966042
498.53776552181523 455.7408281200081
134.6299518833744 962.0006897674887
286.12876976034164 685.975624146608
587.0870660519264 543.1751803659059
481.6671271086855 442.9942165931345
436.665296575857 459.2616634502226
942.0355222178785 120.34405577833417
489.9641570465195 473.0311326231725
900.8506348539144 126.55322194119373
275.37656077434315 657.9930981309124
875.2945899691296 88.17639466551637
933.6018593338804 112.4575600032435
464.6585700073518 485.49335561657915
22.55880378967899 779.0785710334237
19.168473971543506 861.1665411816839
552.3293467802882 570.9523165915365
674.6687852731977 280.6590560531507
205.43766595284882 995.866009781155
531.608277589938 557.742139269358
159.75534855563225 920.5189043519375
738.5590108606099 322.0071144349367
899.2183829612154 63.848284281266935
279.3782984012674 696.3552365285676
401.2913474168053 413.4884403635728
554.792655326135 581.2452292699718
601.755747931213 604.4926085593869
605.9283078298809 535.9303392425616
892.2938128344209 81.16342323018418
206.76099412058426 949.8607684476153
46.698542718795814 853.6432166808754
300.8048785131369 705.6877335905378
452.6227846785057 486.68953839211525
757.3011016754565 333.8410029330439
37.91392751105982 897.6191091925062
466.8062648452877 403.96576332706144
324.6724058467972 710.2803189441502
853.8250407924163 93.20891467343503
946.4978266287775 143.7460193394607
865.4697859353527 74.93930361654651
681.4895387179774 287.3616722126792
452.37203468749135 440.95069681413713
586.181823816903 559.3305488627902
731.2002355719483 321.31138616421987
730.1795748039494 337.77004520893007
402.995001906439 492.0187042403423
507.6885174032852 520.154747805452
315.0436189919131 708.8614290440338
496.69171986001595 457.3329342825317
199.06963559467215 975.1729514131359
399.51565501352997 478.5525071886376
403.39068841488404 400.2848908850593
736.1703228735104 301.2139411289801
896.1583639364933 95.07360921429957
449.94803783699655 393.7480732289217
888.6383274053098 56.99631637272022
932.1951247106489 131.10076620461422
61.65516881274859 821.2493049298868
925.6729819962786 135.84544003287027
87.76646075870421 897.9879714538118
56.67249494959691 882.5056768649221
921.1044430349667 120.01583120013956
189.18358073300988 921.2483961921795
654.5393339316671 257.83054884522056
912.9383690362505 130.9254343615556
880.691748941333 69.83881709654503
735.6754677126652 302.12815147614515
664.5079087583233 285.15358896423095
343.80640808373107 726.3406664160603
939.6428262899987 131.31710950183202
46.25937794773515 776.0761927270153
648.2006988379131 295.46433829205705
670.471228657543 267.65015540626496
894.6207575876961 79.1701901911703
551.4944391174815 593.4250920313646
916.9654313187076 109.61456223358763
260.9641994683037 657.6506934835472
910.5412781827545 137.53679679347115
229.7397722109026 932.7750050118806
474.02814853472995 457.6985002562998
416.9280257718448 433.3034437574024
431.24070911631554 414.97188935923896
73.20855435051557 896.5380766906864
16.508442785599485 844.5150031333212
26.244588098769796 877.7084776372127
680.7256792063432 284.72169449060493
750.4798780072452 346.1672219767031
720.9513617673346 356.11445415346435
735.6103924015163 354.8889358433015
291.4435515988342 663.3228938981224
581.4581531486793 522.958026472916
578.8921739959985 512.0522670450936
887.2134192360386 63.70846252417162
565.1492101419136 540.083959300848
736.2215233642437 336.0358716329699
274.5272180226009 683.0310872335494
889.9235507743623 56.69063294800966
734.4565137856438 317.0718697080948
868.065085433613 86.73674517608664
485.9891053162986 498.5400689953354
910.2465382426249 119.01134461761282
141.2914204711937 920.9381792910845
290.5015935787992 669.892265154959
310.27910362617183 738.189526065076
942.0267409792433 113.1471566683882
859.3011531913049 71.50611298830214
868.6430460935874 58.78401294310618
300.8062708044367 730.0886193684313
892.4866776358474 91.56846915597285
885.2019780529287 69.08184592142334
879.0671589938935 88.04533147245391
306.11756840755123 739.6136556134626
892.1570443080193 91.23419139710393
881.7414604014888 96.54283218298636
936.9800982241169 106.39631561273802
317.9762881621536 719.9003371855305
336.1823082269329 736.540124260786
590.6416448731181 530.695439414048
931.7873469478399 122.31350049623529
479.4358862727886 449.26778272665416
902.3586780244555 103.91939917505158
944.7121128871295 138.11939060687382
650.903901798881 269.59156346288165
921.5393142995412 106.39782329983473
911.2394032652164 124.03116662275717
269.45004737381043 660.2481806945002
460.5817970761162 401.5253050203354
854.1631326982932 72.9413055068632
639.2858440583432 246.4850739959425
873.6039459456832 81.51269891831146
518.8769870464713 565.4311226621553
893.2413446583217 77.28285595518894
925.0593079926998 133.96969569939708
487.06228100730107 436.5279778040184
100.8659811922893 945.0877194775085
563.2410681216679 564.7479941461294
326.0092444607274 719.5528145549918
737.4550203208712 335.10288368057485
920.3733412189132 110.33251877379777
224.50526652156177 997.612524204196
908.1998195834402 114.59511950698825
147.98446948114386 985.9198775186836
194.24007689969812 908.1791988530433
287.0806046339016 664.1202183000223
725.6121205480546 300.6276979433356
520.8574784766325 592.2732284332441
307.4728088620683 720.0097919011035
937.3091505699329 119.02227834930154
865.6015659996942 71.61368919579769
427.43225965557826 450.0066674958786
460.68774093869075 431.73692383457336
262.5483009595106 657.2109739136184
863.5550439317974 83.89168278311443
912.7025932679521 111.70989432139322
116.75260989465357 926.6550871655509
912.142538126408 143.7659151512084
752.181393631662 356.57003589516114
451.937942724739 455.1891555009351
407.2174701544611 417.622672661194
475.3623740821588 488.3925825752543
573.2796176131551 521.1876003910153
598.5336595995287 520.2141674725577
334.5040401808831 716.2828002659037
